002522
004118
165520
161810
004432
004433
240022
690008
003624
003625
673100
161217
050024
161127
161721
003704
110025
002244
002207
002379
001302
004642
257060
004643
519185
001120
001121
161226
001740
360007
519191
160216
000727
001518
000279
161129
003321
004855
162411
168204
378546
004854
519091
000220
001559
001558
001682
501018
410009
001047
161715
002256
610005
100061
002252
001691
519709
210001
320017
161032
241001
161611
002121
630006
700001
090013
001556
161616
001557
001104
040011
161724
270023
160922
001471
160225
501021
003279
161210
003175
001822
040020
040016
257030
519019
000179
519002
210002
161124
470888
003954
519156
080005
090007
501023
090015
160627
001459
001764
002975
400018
519157
000049
519193
040007
501303
002810
004996
002808
001254
000432
050020
050015
004549
710002
004243
165510
162719
001733
164403
002654
005005
206011
519087
000524
040018
005006
450002
160125
000747
519677
213003
005033
166301
005034
162202
003578
003016
001244
004505
160140
160141
001256
004273
004272
001135
502056
005050
000628
001659
005049
090020
050008
002772
004344
001113
450009
002906
070031
002907
003986
000216
000217
540006
000218
002196
162412
080015
070012
590002
161037
004253
630107
501302
001421
000916
630007
002611
002605
002610
002574
161028
255010
160422
003413
000307
000065
100032
002963
001040
001359
003993
210007
090016
460009
001654
002115
002084
080006
002083
001951
002114
001178
519694
001312
002144
377016
004497
001638
004496
001162
400015
070027
001635
161718
540007
166019
001636
003598
090010
001277
519965
000739
000993
001596
163302
000849
001657
460010
501011
000850
501012
050007
550001
004495
004898
004897
005037
001685
160639
501003
501029
005038
004908
560003
001841
004907
004000
160135
040021
001281
163208
002072
240010
000598
000763
002177
003152
519056
003025
001301
001239
360010
590001
360001
004533
004532
004856
004857
540004
003153
001300
160512
378006
000417
161825
004475
470098
002910
000362
540009
001849
090018
004403
003366
002311
003622
002316
502023
161038
160812
161907
002588
003623
004945
004404
001840
005062
003501
002567
003299
003298
320006
002387
001754
000478
004727
004726
001495
004609
240004
001623
000978
000458
502030
003434
003435
000664
001499
003647
003646
000363
002485
002653
001403
002210
161229
470021
160416
001310
003865
004724
001453
004597
002179
001454
360012
519181
004598
519117
004725
001316
002896
001974
001338
519931
020010
001564
202021
002897
001474
004222
004346
004482
004244
001837
002361
003557
168203
001637
161609
001419
003558
161017
163110
004483
519099
000772
000948
001215
290012
040015
004683
200006
000508
001201
000314
004292
000480
003580
000071
519195
519601
004297
003312
000507
501015
540008
000845
001185
560002
000973
003221
420003
001460
001092
004298
002510
003222
002214
005084
004312
002973
161224
001413
002159
001284
001283
070019
360011
000597
005192
005191
519020
001917
001414
004313
003924
002103
001823
161723
001979
519983
165511
001555
002157
001554
004308
002156
003925
519196
001491
180012
519175
001275
160924
002258
050021
288002
005085
001711
002362
004299
004309
004300
050004
210004
001954
001271
003110
004091
003109
003403
004135
001583
160621
001390
004092
002017
001341
000684
290014
217015
001943
160612
001389
004385
206008
001340
003680
003723
540002
002042
004310
160923
270007
680001
002041
450004
004098
004212
000688
004304
004303
004306
004311
519112
004783
002443
001645
160916
004305
519111
003090
002593
002952
000410
519672
050010
180033
002624
000778
485011
001581
001594
000652
003089
161902
004337
004336
118001
001059
002608
001595
003554
001214
485111
002263
000007
100058
002609
002430
001464
002614
002615
161727
000072
000590
001738
160517
002194
160418
001681
001318
519674
166801
161121
001710
005279
001270
001502
519704
001874
003658
450007
000586
002563
001501
000744
217003
001029
001704
240005
004338
004339
001013
217203
519171
501301
000048
167503
001392
001429
000165
000288
168201
519602
001533
001393
160910
000287
003717
004825
000523
003788
004194
001493
688888
004195
000926
262001
001492
160919
002601
005111
005000
002944
630109
001825
160813
167702
002977
001133
000531
002297
161813
290002
210014
004139
167703
004402
001878
004206
502013
002146
161030
004586
160632
162211
004176
168205
004175
000532
000496
003659
481017
163001
040045
202801
004395
050012
400023
001763
002071
160631
002147
070009
003857
166105
090002
070023
001068
370026
370025
001891
004769
519918
000141
080010
002412
002717
165528
002629
080009
002461
002282
450005
001572
002431
001169
002058
700004
100068
002057
002054
001431
003237
002304
003236
001003
001001
100066
160505
003604
003603
092002
550005
530015
004375
166020
003858
000050
002513
000110
450006
270002
004192
002123
550004
002766
080007
001467
519221
004987
519222
001241
000672
002165
002618
002619
002089
001466
001801
001800
003834
001139
003015
001531
002272
000745
420102
001765
001252
160809
000708
004193
001422
001334
000924
050123
004491
001418
003628
001050
002794
001011
002161
003970
400022
003971
206009
000022
160608
080001
002090
003579
000754
000014
000753
420002
000047
004456
000029
160602
004209
003849
003848
003853
000023
003360
233006
320011
000207
501008
001328
001327
501007
003672
320004
001141
121010
001362
003235
003234
519696
000634
000252
003545
004374
630009
001524
000068
481010
000067
151002
003282
161219
001052
519225
160616
003241
005051
004266
519995
260111
003361
003283
001612
001611
004138
162711
003176
002167
519697
040040
162712
000008
005052
165313
240003
481004
003147
003180
380009
001723
160220
003177
420009
003295
003425
001496
002903
400027
003732
160119
005159
005160
004881
004885
531009
003242
003926
110005
003379
003380
003181
001565
675100
519661
400029
001122
000121
180001
003254
519660
003426
004348
160638
001455
003255
164703
003667
160123
003733
005121
003842
004065
229002
000187
001004
005010
003381
003991
001123
004785
004103
164302
400016
288102
002099
671010
000188
675093
003843
217008
005144
001056
005244
005011
003992
000962
002100
001415
004102
000804
003731
519712
004595
002397
001172
001351
003811
160124
000757
020036
002674
165705
040041
002675
320020
002503
002502
000584
001332
206015
003869
519951
003641
002853
320022
161908
001771
004902
000840
002589
002970
090019
004618
004617
005273
519758
000378
001246
002754
004705
000839
001356
002438
002635
161627
002462
485105
673110
002056
004556
550018
161626
002698
002569
002578
003163
004555
001988
001213
002590
002735
000139
003191
000377
002755
000928
002777
001212
004624
003927
005245
020012
002718
261001
004366
002827
001331
002721
002454
002554
002811
161824
164509
001960
003190
002145
002720
002901
002849
519748
002628
519766
290003
519676
002776
002544
002140
002971
001706
675091
002869
000286
002657
162511
002691
000563
002453
000270
004427
001470
001932
380006
000305
001949
005025
380005
001794
002690
519740
002530
002542
003318
002474
502016
460005
002087
002088
162215
673050
003218
002209
002280
002640
001948
002585
004126
002208
002338
002389
003216
519723
501025
002521
002413
003215
002415
003812
000052
163907
164606
002378
003161
002271
660011
040026
128013
001262
165807
164206
573003
001570
582202
002617
002616
002726
000938
004008
002296
003642
161618
002841
002765
582002
673020
002840
001816
000153
001813
002139
000937
000334
590010
002967
001298
001566
519764
000394
000422
290010
002164
470007
001438
002138
040019
000152
000205
270030
000150
110038
590009
485005
001770
000053
001423
001278
000421
161716
002854
000802
530017
005284
485019
519971
004458
270029
000667
003708
005145
001430
675041
501105
501102
410004
004182
004479
001311
501103
501101
000801
000130
000898
164510
001183
001008
673030
003188
090017
253061
004340
000396
160618
253060
070037
183001
050023
165526
000473
050013
000395
675043
001824
004473
000420
003219
162205
519023
000419
000474
004560
000865
690007
000208
160810
519024
531021
161693
001067
001142
000572
000033
161222
730001
530021
000810
001758
001598
290005
000032
003787
110036
001190
000991
164105
004540
121005
001597
003709
000253
270045
217022
519669
410005
004648
519614
002447
003220
004367
004388
270044
003081
005354
003083
650001
519613
003615
003614
000639
003079
004263
460008
002466
000062
003923
620008
519165
001437
003922
202102
202103
000190
040009
000743
000714
371120
700006
000717
519152
001191
650002
121006
001326
001336
001379
162107
700005
000367
001325
004576
004826
004539
519226
004246
005055
003192
003013
004561
002534
003978
003082
003086
003084
003085
003499
003498
000695
004108
003080
003383
003833
003158
675081
004666
003014
217011
004521
004522
003407
519116
163821
263001
004009
166012
001494
002935
002934
040010
206001
002076
001775
001337
240012
001329
530009
002421
003146
519060
003207
519220
003824
003825
004468
003277
002198
002442
003395
675083
004247
004104
003949
004136
003210
002930
003476
004528
003778
003795
519061
001911
001330
003979
675111
233015
519519
002796
003408
000088
000087
004268
003555
450001
002308
003432
002368
001522
310368
519186
002422
519985
004529
460003
003260
000551
003268
003779
003278
004601
003162
004105
519746
005156
004334
004200
003796
002137
675113
004307
004109
002797
003183
519229
519228
003182
163003
004269
001483
240013
160720
003556
163008
000311
519188
002018
160721
501020
003433
519187
070013
519189
519933
002781
004608
003607
004107
000128
000606
003384
004168
001575
002929
003566
002019
003349
003526
003382
004033
004220
002369
001412
002767
510080
164208
310318
350006
206003
675121
003287
003288
003258
002909
004106
004045
005157
005059
004571
004010
004323
005243
000910
004490
000011
003259
004264
002265
160718
166010
000490
002996
002652
000489
003763
002651
675123
003762
217002
002702
002701
000655
003594
003567
000694
163007
163005
162210
002189
001993
003336
003866
004572
004011
004614
004615
005217
002367
202025
001578
002143
003852
004871
003546
003963
003010
003009
519616
001647
166003
003562
003561
519620
001324
002112
162299
162201
450018
206004
560005
003851
003850
003099
003549
291007
003977
003976
003265
003078
003668
290007
004025
004026
001160
001914
519617
519199
003314
004127
004517
003671
253030
166004
001907
660013
000320
000319
450019
217023
270008
270009
620009
000122
217018
020002
000015
000016
161820
164902
020018
166016
163803
261101
161015
570005
519050
202105
161620
519153
370022
000123
000030
020035
470078
519718
519726
400020
420108
070025
070026
750002
000109
270049
000192
200016
070015
070016
161216
161606
166401
163823
310378
310379
202019
485119
110018
290009
001023
070005
000025
110035
110037
000149
420008
000298
000372
000206
686868
000573
000520
161221
000557
000723
000812
121009
000194
519743
002607
000899
000867
000887
000998
000997
686869
001055
166008
000069
000737
000333
290008
000890
370021
400009
000616
519078
000668
000875
531017
001000
001358
001127
001086
001087
001355
519753
161029
001257
001571
740001
001363
001197
502026
270048
001370
001261
206018
001208
001402
161725
002470
001845
161619
001791
002283
000131
121013
000125
000147
001282
002049
000943
002441
002301
002456
002471
002531
002336
002573
001665
002358
002337
002381
002681
002682
002450
002644
002727
002719
002560
001905
002568
002440
002790
001963
002579
002519
001582
002714
161603
002543
002622
002015
002270
001235
001263
002414
002250
002295
002813
002922
519640
001918
001664
002081
002972
002281
160519
673043
002008
002274
002275
000944
002291
002565
002512
002734
003226
002745
002074
002715
002728
003100
003266
002528
000876
000736
000142
001517
002736
002737
460108
001743
070038
001919
002451
002584
160617
519935
002807
001335
003227
180029
200009
519130
519223
002382
164210
180030
002902
002743
002798
519650
003651
000669
001851
003595
002446
004322
003902
002742
000889
000299
110017
003602
000191
002570
002729
000024
550019
000070
002845
165517
000556
371020
000186
002277
002276
001021
002360
004454
003601
000617
002073
000629
519725
000564
002658
004453
001989
750005
004548
004512
002284
002278
163806
004441
001947
002968
001296
004428
001523
002475
001908
005218
620007
004706
002326
519745
001280
004807
004808
000176
217020
160322
161119
001229
002529
673081
003877
003903
003878
001161
003689
005215
002354
003669
004111
004550
005219
160805
003346
003345
340009
001017
003550
161120
002106
002246
001367
004014
090001
002245
003372
004110
002775
003690
005216
400011
003730
003121
002927
519680
161601
660002
660102
004768
502006
004149
003371
004150
004015
673083
673071
673073
004944
519198
001990
000058
519197
005076
003130
519682
004868
003702
004948
675051
540005
541005
675053
003102
003103
002928
660009
660109
162414
000547
582001
582201
004737
100018
004040
003023
004477
002989
002092
003490
003491
004361
004747
001247
000117
481001
519623
090009
002965
002966
233012
531008
530008
003261
003745
002093
004362
005039
001695
002842
002843
519624
001810
160136
000386
003101
004593
004093
000663
000082
000174
233005
000175
166402
261102
001450
161115
000260
001451
121012
519779
128112
200013
005040
001371
202107
000045
004041
200113
004227
630003
001031
260117
519183
004953
004952
003262
510081
001033
001226
020027
000679
002416
003941
519969
003942
001536
202108
020028
001500
000306
000932
000181
202110
000182
519959
001375
001295
000360
001942
750003
660010
000979
000148
001258
002319
675011
000361
460220
004228
165509
002660
501001
002659
004158
001250
160610
001173
004142
001273
003703
000435
000619
675013
519653
003436
620003
673040
003437
001119
001174
519652
001168
000104
002424
002494
002769
002065
004157
000561
002288
002066
000630
002789
002399
050027
004513
000859
000066
217024
206006
001744
002566
002730
000107
519756
002363
457001
004318
002292
004319
002279
161614
000649
001739
206013
161714
002364
001541
000256
002458
002738
000398
004685
161010
002739
004112
519641
001945
003131
002814
000028
002703
002125
001946
395001
519720
002877
004143
001140
164808
002880
001377
519937
002504
160622
002434
002785
001378
673060
002505
002433
161026
001425
690009
519190
690002
000984
003951
003950
003376
001408
001792
002141
202101
001779
003377
003591
003592
002206
690202
003353
003354
001457
001488
001424
096001
320018
001489
360005
165512
164812
550003
003308
163503
000127
100039
000185
001219
233013
320015
290011
002648
003135
002669
001171
000974
001983
470018
003664
310308
000236
001484
003194
540001
000729
000273
003030
001259
000385
003031
004587
003169
003170
005119
000939
519654
000172
530016
000968
620004
050106
002332
400030
003358
003966
003967
004741
519224
002723
261002
310508
519667
530003
004965
080003
003665
002333
002982
501017
320008
519062
000934
213007
003320
002193
002724
163811
519666
320009
004588
001221
163812
410001
003409
213917
000046
770001
002187
001473
003319
519738
002639
161225
630103
519177
180025
160138
160139
004966
180015
001910
003410
001830
004714
519755
519162
001320
002668
395011
002228
002043
000933
395012
001904
519752
002449
487016
160915
002227
004993
257010
002405
000184
167501
161506
002406
393001
001662
519030
100026
530011
519163
000355
163819
001265
002498
003975
001399
180020
000466
000356
001903
162203
040037
003999
001148
040036
002398
002330
003944
001751
003512
004994
000041
002236
004730
519610
165516
004712
000562
519611
004519
004715
001752
004518
000591
002731
001186
003582
003749
002986
002197
002801
002489
001613
166005
003231
360013
002097
000126
002098
398031
360014
519736
150103
001400
003974
001880
002317
161610
410006
519949
003334
003943
002435
004713
000711
001528
001364
001410
233001
163804
000877
001242
217001
501031
519127
000577
519675
001712
519644
560006
519134
590005
206002
180002
003335
110031
486001
000987
501030
001291
519975
210010
100038
002862
110021
020019
164908
002599
020033
000166
002598
210011
163801
003026
003027
000042
020020
519706
260103
000061
001939
270001
004592
540012
233009
020034
000354
003686
003687
002562
610004
161232
000536
002932
100053
080008
002770
002933
004359
690003
350009
001671
002305
000761
530006
003750
161831
040012
400013
160629
000954
270021
002771
040013
002595
470010
001927
110008
160311
160514
485014
519692
001928
100051
050014
164205
168001
180026
519683
470011
486002
001550
002331
001551
550006
004888
004360
050016
110007
570007
003548
550007
050116
001705
162213
519685
000402
004390
210005
040022
217012
590007
003629
163816
000403
001075
000975
481008
163402
004889
001866
001158
090011
002969
040023
481006
163817
002233
004660
004153
003230
004154
720001
519688
003597
001202
020022
090006
005043
000994
519977
003596
001670
240016
001015
450011
001673
000535
121008
003493
519976
001674
002075
000870
004391
003957
002612
690011
001199
519710
005044
001686
001687
485114
002831
001200
001922
005236
003897
002467
001656
003958
002261
002262
000646
398051
164814
485107
002693
485007
310518
320001
002955
002307
000136
487021
000589
217017
000953
165314
213006
001852
004005
519097
519093
001333
004161
004164
690006
550015
580006
530019
003132
003167
003119
003120
001397
550016
161612
004393
004006
690206
000118
180010
001188
000756
000119
002249
001938
163813
002315
003168
001811
001420
002186
000411
163119
001228
004829
519702
519915
162413
160806
001404
660006
161126
519989
003835
001426
002023
160607
001588
001589
180003
002024
001276
001016
002597
001179
001798
001193
070020
001651
000689
005154
720002
519003
001861
002310
004156
003233
160611
004155
001708
003232
004716
005155
163407
519727
233010
004476
090003
000541
320016
003492
121001
160415
630002
005237
002472
000995
002860
050001
002596
000959
519714
240002
001815
470068
000004
519679
002564
000003
002602
001396
003104
001028
003000
700002
004419
000986
002561
003001
003095
001607
005238
720003
001061
160716
003096
003416
003754
160717
003755
001614
004190
001608
519017
519678
001469
000511
001255
002482
350002
003311
001063
501050
050025
004191
217016
004536
004420
002979
378010
000059
000967
040025
000567
001753
165515
460300
050022
210008
110022
000215
002400
202017
162212
004345
002031
253010
002401
001605
000592
002148
110030
004434
004435
001709
160640
519700
002192
001196
004352
003154
519300
002110
004429
003710
001631
000290
001626
001923
630015
001030
001632
570006
000103
020009
002391
003463
002634
610003
003464
003876
167601
002393
163412
420005
050201
001449
398061
002426
110011
001198
002429
001195
003189
001959
001180
002001
161125
166007
530012
001628
002978
730002
001858
000433
003378
519132
210003
002683
610103
000526
460001
000566
000043
110027
004484
040002
399011
000656
000976
000958
000209
161207
003028
100029
519997
110028
000423
002303
003029
001809
000312
002780
340001
020001
004485
100035
519032
161213
004249
000274
519733
001563
001978
020011
519180
519735
001027
003513
110012
001863
001074
519126
000120
660008
001463
160215
350007
020023
003293
100037
000313
001897
001433
519007
160613
001387
200002
004075
450010
000613
000587
531020
003475
481012
519773
000001
000935
001480
000251
001967
519095
519642
217009
001865
270010
163111
001417
000706
000051
240011
004951
519027
161123
002919
002259
004998
110019
002021
519626
161605
002124
002987
000831
161604
002345
001218
000549
004267
372110
202015
000961
160635
519729
001539
040180
004342
001388
001159
004099
530020
398011
110020
005117
001042
002465
004559
